DashkoI.D. 114301 30 4 2004 7 10 9 9 8.75
LyantevichA.L. 111101 22 5 2004 9 9 9 9 9
VidukI.A. 114301 28 10 2003 10 9 9 10 9.5
StavrovV.V. 114301 17 5 2004 9 9 9 9 9
BudaiN.K. 114301 4 9 2003 9 10 9 9 9.25
DashkoA.D. 114301 18 4 2008 8 9 10 8 8.75
KovalevA.K. 111101 25 10 2003 7 8 6 9 7.5
LipnitckiyA.I. 125238 15 12 2003 7 7 8 10 8
MolozaviyA.D. 111501 8 8 2004 7 7 9 10 8.25
TroinelN.B. 114301 25 4 2004 9 7 8 8 8
MoisaA.G. 132011 25 9 2003 6 6 8 9 7.25
GolodI.B. 114302 23 6 2004 8 6 9 10 8.25
GurukA.L. 125238 28 10 2003 5 4 6 4 4.75
IvanovL.V. 114302 15 2 2003 6 7 5 9 6.75
PetrovK.D. 132011 14 3 2004 4 3 6 5 4.5
ZolotarA.K. 111101 23 7 2004 7 5 7 8 6.75
